1. 1 x 3
2. 2 o
3. 4 o
4. 3 x 1
5. 3 o
6. 1 x 4
7. 1 o
8. 3 o
9. 2 o
10. 4 o
11. 2 o
12. 4 o
13. 1 o
14. 2 o
15. 2 o
16. 3 o
17. 1 x 2
18. 2 o
19. 4 o
20. 1 o
21. 1 x 4
22. 4 o
23. 2 x 3
24. 4 o
25. 4 x 1
26. 3 o
27. 3 x 2
28. 1 o
29. 2 x 4
30. 4 o
31. 3 o
32.   x 1
33. 3 x 2
34. 2 o
35.   x 3
36. 1 x 2
37.   x 4
38. 1 o
39. 2 o
40. 3 o
41. 1 o
42. 4 x 3
43. 2 x 4
44. 4 o
45. 1 o
46. 2 o
47. 3 o
48. 2 o
49. 4 o
50. 2 o
51. 3 o
52. 2 o
53. 1 x 4
54. 3 x 4
55. 1 x 3
56. 4 o
57. 2 o
58. 4 x 1
59. 2 x 1
60. 3 o
61. 3 o
62. 1 o
63. 3 o
64. 2 o
65. 3 o
66. 2 x 3
67. 4 x 2
68. 4 x 3
69. 2 o
70. 3 x 2
71. 2 x 4
72. 2 o
73. 3 o
74. 1 x 4
75. 1 o
76. 3 o
77. 2 o
78. 3 x 2
79. 1 o
80. 2 x 1
81. 4 x 3
82. 1 o
83. 3 x 4
84. 2 x 1
85. 3 x 4
86. 4 o
87. 4 o
88. 2 o
89. 3 x 2
90. 3 x 1
91. 2 x 1
92. 3 o
93. 3 x 1
94. 2 o
95. 4 o
96. 4 o
97. 1 o
98. 4 o
99. 4 x 2
100. 4 o